667408
667401
667396
667405
667388
667395
667398
667389
667380
667391
667400
667387
667406
667375
667408
667391
667396
667357
667378
667357
667368
667391
667344
667393
667384
667329
667374
667345
667384
667321
667396
667363
667358
667393
667388
667351
667388
667309
667360
667319
667398
667311
667342
667297
667376
667281
667390
667341
667256
667307
667260
667365
667292
667347
667278
667391
667292
667351
667242
667363
667248
667311
667392
667327
667374
667239
667268
667405
667216
667287
667334
667261
667340
667189
667268
667191
667312
667391
667234
667395
667208
667291
667300
667215
667270
667357
667172
667349
667144
667235
667246
667153
667190
667285
667338
667241
667172
667271
667168
667369
667378
667171
667302
667197
667130
667237
667376
667267
667276
667387
667268
667155
667376
667145
667158
667391
667252
667371
667226
667105
667048
667171
667278
667153
667290
667035
667072
667329
667370
667107
667114
667379
667396
667125
667138
667001
667058
667197
667252
667111
667288
667001
667130
666985
667346
667051
667290
667141
667304
667001
667382
667229
667234
667389
667008
667321
667208
667367
667168
667007
667298
666971
666982
667311
667074
667241
666992
667329
667086
667257
667270
667097
667406
667055
667358
667181
667030
667209
667292
667111
667058
667241
667108
666923
667000
667187
667408
667219
666892
667083
667108
666915
667356
666965
667388
667191
667268
666869
667116
666915
667238
666831
666906
667315
667302
666887
666794
667211
666862
667073
666816
667241
667210
666779
667008
666791
667102
667321
667406
667185
667208
666761
667372
667147
666882
667109
666906
667363
666818
667049
667404
667171
667052
667287
666808
667281
666902
667141
667248
667007
667098
667341
667328
667083
666934
667181
667048
666799
667164
666661
667166
666913
667058
667313
666948
666691
667394
666875
667176
666915
666628
666891
667092
666827
667130
667397
666696
667233
667344
666801
666806
667351
667270
666719
666628
667181
666908
667187
667004
666723
667108
667391
667116
666831
667044
667331
666964
666675
666716
667007
666548
667133
667010
667305
666758
667351
667064
667363
666728
667329
666878
667181
667372
667067
667374
666759
666874
666565
666720
667031
667074
666761
666772
667087
667058
666741
666608
666927
666826
666505
667198
666551
667352
667027
666614
666941
666700
667357
666808
667139
666830
666497
666810
667145
666768
666431
666620
666959
666514
667195
667268
666581
667102
666757
666706
667053
666476
667173
667006
667357
666716
666363
667138
666427
666788
666431
667102
666383
666692
666331
666898
667261
666428
667157
666526
666893
667102
666733
667100
666357
666514
667259
666404
666779
666888
666511
666678
667057
667118
666737
666808
667191
667204
666819
666794
667181
667146
666757
666636
667027
666944
666551
666334
666729
666598
667391
667086
666287
667310
666909
666508
666911
666688
666283
667008
666193
667148
666739
667388
666565
666250
667075
666402
666817
666458
667291
666530
666949
666546
667387
666538
666961
666514
667363
666426
666853
666362
667219
666194
666625
667388
666955
667148
666277
667008
666571
666688
667127
666508
667389
666108
666551
667222
666777
666750
667197
666494
667391
667296
666393
667004
666551
666380
666835
666048
666961
666722
667181
666354
667275
666968
666041
666564
666099
667118
666183
666678
666209
667172
666229
666696
666223
667130
666179
666618
666141
666992
666033
666444
667405
666758
667241
666174
667143
666428
666915
667274
666785
666002
666493
666824
666331
666966
665975
666278
667271
666360
666859
667138
666637
667168
666161
666412
665907
666382
666889
667116
666607
667034
666011
666210
667235
666068
666583
666758
666241
666564
667083
667234
666713
666988
665941
666064
667113
667340
666285
666384
665855
666026
666557
666632
666099
666222
666757
666808
666271
666346
666885
666912
666371
666398
666941
666944
666399
666378
666925
666904
666355
666286
666837
666792
666239
666122
666677
666608
666051
665886
666445
666352
665791
667268
666141
666024
667153
666900
665765
667330
666761
666460
667031
666870
666297
665948
666523
666338
665761
667102
665943
665734
666895
666458
667041
666812
666227
665742
666329
666076
667253
666728
667319
667046
666453
665880
666475
666178
667371
666758
667357
667040
666439
665778
666381
666040
667249
666548
667155
666794
666185
667270
666047
665662
666887
666098
666713
666308
665691
666712
667331
666906
666285
667278
666031
665582
666831
665914
666541
666072
667329
666372
667003
666514
665881
666782
665511
666908
666271
667144
665865
667254
666613
665528
666171
665618
666907
665782
666429
665856
667153
665988
666639
666046
667351
666146
666801
666188
665531
666256
666915
666282
665621
666318
666981
666328
665663
666332
666999
666326
665657
666298
666969
666276
665603
666216
666891
666178
665501
666086
666765
666032
667393
665908
666591
665838
667207
665682
666369
665596
666973
665408
666099
667384
666691
667172
665781
667058
666361
666814
665415
666684
665983
666408
667111
666262
665557
665954
666661
665792
667209
665452
666163
665274
666699
667048
665617
666858
666141
666462
667181
666256
665535
665828
666551
665606
667055
667328
665873
667094
666365
666610
667341
666360
665627
665844
666579
665578
667051
667248
665769
666970
666229
666398
667141
666104
665359
665500
666247
665190
666687
666808
665305
666486
665733
665826
666581
665488
667001
667074
665555
666724
665963
666008
666771
665642
667171
667196
665661
666818
666049
666046
666817
665652
667197
667174
665623
666768
665991
665940
666719
665518
667079
667008
665441
666574
665789
665690
666477
665240
666817
666698
665115
666236
665443
665296
666091
667208
666411
666244
667043
665754
667355
667168
665561
666666
665861
665646
666453
665128
666745
666510
667321
665980
665167
667350
665719
666808
665991
665708
666527
665150
666791
666488
667311
665918
665093
667244
665589
666662
665833
665482
666313
667382
666549
666178
667013
665568
667241
666850
665171
666228
665387
664968
665811
666864
666019
665580
666427
664930
666627
666168
667019
665506
667211
666732
665021
666058
665201
667272
665553
666586
665725
665198
666061
667090
666225
665678
666545
664964
666701
666134
667005
665408
667153
666566
664815
665828
664951
666974
665215
666224
665343
667358
665591
666596
665711
665056
665943
666944
666055
665380
666271
667268
666375
665680
666575
664878
666671
665956
666855
665142
666943
666208
667111
665382
667191
666436
667343
665598
664689
666640
664817
665790
664877
666820
664989
665958
665041
666976
665137
666102
665181
667108
665261
666222
665297
667216
665361
666318
665389
667300
665437
666390
665457
667360
665489
666438
665501
667396
665517
666462
665521
